11111111111111100111111111111111
11111111111111000011111111111111
11111111111110000001111111111111
11111111111110000001111111111111
11111111111100000000111111111111
11111111111100000000111111111111
11111111111000000000011111111111
11111111111000000000011111111111
11111111110000000000001111111111
11111111110000011000001111111111
11111111100000011000000111111111
11111111100000111100000111111111
11111111000000111100000011111111
11111111000001111110000011111111
11111110000001111110000001111111
11111110000001111110000001111111
11111100000011111111000000111111
11111100000011111111000000111111
11111100000111111111100000111111
11111000000111111111100000011111
11111000001111111111110000011111
11110000001111111111110000001111
11110000011111111111111000001111
11100000011111111111111000000111
11100000111111111111111100000111
11000000111111111111111100000011
11000001111111111111111110000011
10000001111111111111111110000001
10000000000000000000000000000001
00000000000000000000000000000000
00000000000000000000000000000000
00000000000000000000000000000000
